0.00181348242374
0.000162060712072
0.000244688121405
0.0319677091629
0.00714188390512
0.000345074224838
0.0162492905255
0.0182389028413
0.00852246318234
0.00059346037769
0.00397054428423
0.0364970177483
0.000230979448282
0.00101446939415
0.00772991570326
0.00330733024423
0.00126194893959
0.00492538462108
0.000333331555388
0.00235288611884
0.00928303406567
0.000357124010429
0.000829793567021
9.63825576105e-05
0.000158132766962
7.68313051741e-05
0.000130283576782
0.00785026180206
0.00157955896599
0.000725716290151
0.000559536140003
0.000659163409301
0.0110207556281
0.0107860396828
0.00299281631349
0.0107101579605
0.00248729178861
0.000372658288881
0.00110684615048
0.000533316679332
0.00394589049097
0.00730224336065
0.000383226351909
0.00247875693911
0.00209455619908
9.65091708242e-05
0.0108685861174
0.00397380810008
0.000755356068933
0.000175104944403
0.0056320916177
0.00206548857886
0.00188301382241
0.00633586966306
0.000604228576563
0.00177064201717
0.00133875431482
0.00638014019104
0.000827134131527
0.0309438463993
0.0114923945588
0.00366103986827
0.000960472593
0.00131850801102
0.00840398200166
0.0259571666668
0.0221539472047
0.00726935366109
0.00466860620832
0.00961189191064
0.0021988737808
0.0100686995803
0.000556541135009
0.00282478260557
0.0012803057769
0.00212930072596
0.00469884713213
0.0188355899737
0.00104155444318
0.00070063675983
0.0289064311859
0.00518399196831
0.000743544635944
0.00313975484729
0.0251497723645
0.0049401201574
0.00334661345779
0.00407096130054
0.00286512880739
0.0281842989044
0.0836549718418
0.000138723528857
0.00718121234439
0.00167374115004
0.00151618974202
0.00539039685408
0.000624687504504
0.00233051964426
0.00227319556727
0.0134610070591
0.00315136534065
0.00123362263226
0.00200350355692
0.00133907282147
